2.6338905075109076
5.005861130502983
17.865188053013135
91.26278393448204
870.5185698367669
298.4447914486329
6389.494948660052
6089.702114381723
15283.926854963482
76251.08000751512
539379.0301196257
778626.4786305582
5303536.721951775
5718.961279435053
32415605.70046731
1947674.2385832302
929098616.2646171
878721877.8231843
8316655293.611794
3075141254.026614
5792516649.418756
87800959920.40405
946949445297.994
85653452067.87878
4859904633166.138
692125184683.836
76060216525723.16
76583442930698.78
128391464499762.8
475282378098731.3