5.4980359349494385
2.650566289400591
87.24330410852575
42.31379402008869
211.79820544208206
539.2960887794584
7299.3106908997615
2011.510633896959
31171.629130089495
99514.93566608947
649878.0576394534
438100.08391450404
5175758.410355906
1210041.9586826572
22469733.703155737
33808556.21474554
588308718.4572333
230114732.596577
2202173844.515595
709930860.0903254
63110295727.00989
22894178381.115437
905420013006.1279
859635400253.7465
708573498886.5344
2380046343689.952
66897777829628.055
21423680737043.86
132311848725025.0
935514240580671.0
5710430933252845.0
4726710263117941.0
7.846194242907534e+16
8.074969977666434e+16
1.904099143618777e+17
9.693081422882333e+16
4.310511824063775e+18
4.235786230199208e+18
4.67024668036675e+19
7.290758494598506e+19